##FastQC	0.11.5
>>Basic Statistics	pass
#Measure	Value
Filename	8214_S5_R1_001.fastq.gz
File type	Conventional base calls
Encoding	Sanger / Illumina 1.9
Total Sequences	640521027
Sequences flagged as poor quality	0
Sequence length	35-151
%GC	40
>>END_MODULE
>>Per base sequence quality	pass
#Base	Mean	Median	Lower Quartile	Upper Quartile	10th Percentile	90th Percentile
1	35.940754525768284	37.0	37.0	37.0	37.0	37.0
2	35.99067458249111	37.0	37.0	37.0	37.0	37.0
3	36.02462146180253	37.0	37.0	37.0	37.0	37.0
4	36.01023411367259	37.0	37.0	37.0	37.0	37.0
5	36.076070795408874	37.0	37.0	37.0	37.0	37.0
6	36.14304611423787	37.0	37.0	37.0	37.0	37.0
7	36.133137718209525	37.0	37.0	37.0	37.0	37.0
8	36.139051890953766	37.0	37.0	37.0	37.0	37.0
9	36.1351286551909	37.0	37.0	37.0	37.0	37.0
10-14	36.12867081598556	37.0	37.0	37.0	37.0	37.0
15-19	36.11249557744808	37.0	37.0	37.0	37.0	37.0
20-24	36.07641517286207	37.0	37.0	37.0	37.0	37.0
25-29	35.97544845627683	37.0	37.0	37.0	37.0	37.0
30-34	35.910489810040225	37.0	37.0	37.0	37.0	37.0
35-39	35.87791998824115	37.0	37.0	37.0	37.0	37.0
40-44	35.843296254443466	37.0	37.0	37.0	37.0	37.0
45-49	35.80733706005505	37.0	37.0	37.0	37.0	37.0
50-54	35.759629015949145	37.0	37.0	37.0	37.0	37.0
55-59	35.73792784397072	37.0	37.0	37.0	37.0	37.0
60-64	35.66791604497597	37.0	37.0	37.0	37.0	37.0
65-69	35.6392513677403	37.0	37.0	37.0	37.0	37.0
70-74	35.60052886191687	37.0	37.0	37.0	37.0	37.0
75-79	35.563816852836325	37.0	37.0	37.0	37.0	37.0
80-84	35.48986756256771	37.0	37.0	37.0	37.0	37.0
85-89	35.46633473388791	37.0	37.0	37.0	37.0	37.0
90-94	35.434396032357	37.0	37.0	37.0	37.0	37.0
95-99	35.354680067185164	37.0	37.0	37.0	37.0	37.0
100-104	35.33650253589599	37.0	37.0	37.0	37.0	37.0
105-109	35.2684964675763	37.0	37.0	37.0	32.2	37.0
110-114	35.21777258497785	37.0	37.0	37.0	29.8	37.0
115-119	35.17269535142947	37.0	37.0	37.0	27.4	37.0
120-124	35.192063014327985	37.0	37.0	37.0	25.0	37.0
125-129	35.16935771320535	37.0	37.0	37.0	25.0	37.0
130-134	35.01333656418282	37.0	37.0	37.0	25.0	37.0
135-139	34.948591922078414	37.0	37.0	37.0	25.0	37.0
140-144	34.88653857015022	37.0	37.0	37.0	25.0	37.0
145-149	34.789849023225095	37.0	37.0	37.0	25.0	37.0
150-151	34.4717259908868	37.0	37.0	37.0	25.0	37.0
>>END_MODULE
>>Per sequence quality scores	pass
#Quality	Count
2	7475.0
3	0.0
4	0.0
5	0.0
6	0.0
7	0.0
8	0.0
9	0.0
10	0.0
11	0.0
12	0.0
13	4.0
14	142.0
15	1439.0
16	6567.0
17	17559.0
18	35442.0
19	67990.0
20	126798.0
21	235847.0
22	411017.0
23	697205.0
24	1118062.0
25	1780999.0
26	2733939.0
27	4200634.0
28	6109651.0
29	8627163.0
30	1.1433568E7
31	1.495648E7
32	1.9058634E7
33	2.5615087E7
34	3.7753446E7
35	7.967099E7
36	3.94071991E8
37	3.1782898E7
>>END_MODULE
>>Per base sequence content	fail
#Base	G	A	T	C
1	18.29537976111519	32.3034589674394	27.610384947881872	21.790776323563545
2	18.905882408940723	30.061073864517784	28.539211624470234	22.493832102071263
3	16.99022240203904	29.138638271934642	33.1159263278164	20.755212998209913
4	18.298442904720076	28.415398142347204	34.20197488126949	19.08418407166323
5	18.49531889373669	28.86072627546841	32.46434729612091	20.17960753467399
6	20.14700571796456	31.895033238610026	28.49283823541305	19.465122808012364
7	19.546060723934126	30.015142762540847	30.097626160359738	20.34117035316529
8	19.64142235666545	30.346662985204098	30.394561269173582	19.617353388956865
9	19.5566491273603	29.4276901531327	30.874322943867416	20.141337775639585
10-14	19.774522136864384	30.06912016913214	30.23597353155595	19.920384162447526
15-19	19.733271279793314	30.03838932044954	30.400897559775597	19.827441839981553
20-24	19.983571788430936	29.871659406152162	30.18118886551434	19.96357993990256
25-29	20.061534491329073	29.666562274649838	30.243542278676262	20.02836095534483
30-34	20.30078149039711	29.64215107949155	29.91198587092422	20.14508155918712
35-39	20.322132174806306	29.635287567199708	29.88694749830022	20.155632759693766
40-44	20.350904206024428	29.70316686423256	29.803499152966268	20.14242977677674
45-49	20.26268966735665	29.665221326874885	29.837140176280315	20.23494882948815
50-54	20.304057350255523	29.660199053243996	29.76500214586307	20.270741450637413
55-59	20.3138388710707	29.63143704169859	29.776503433028477	20.27822065420223
60-64	20.39980842082809	29.63039127428321	29.734526492287088	20.23527381260161
65-69	20.32355441268011	29.628658022741895	29.789413795247942	20.258373769330053
70-74	20.432792183299714	29.62102627497228	29.735492288277708	20.210689253450298
75-79	20.465507299180086	29.568250284948107	29.70430197431126	20.26194044156055
80-84	20.44407204233355	29.627861805577353	29.656786550370622	20.271279601718476
85-89	20.466654362103316	29.595828515513894	29.613279498683276	20.32423762369951
90-94	20.373867625063916	29.5921976530785	29.62422781523944	20.409706906618137
95-99	20.313107046337933	29.520557643596845	29.64888026143864	20.517455048626577
100-104	20.434208285111747	29.57875428104673	29.587939777702736	20.399097656138782
105-109	20.348077254981682	29.675256088683156	29.633374946425086	20.343291709910076
110-114	20.419910583717886	29.702308503744945	29.629931724030623	20.247849188506546
115-119	20.40319192420905	29.639172129332792	29.669197867717173	20.288438078740985
120-124	20.437455227878807	29.64749726268013	29.613370098113194	20.301677411327866
125-129	20.427732153124772	29.577720525376666	29.610057157054953	20.38449016444361
130-134	20.49548534483796	29.605787971791823	29.586638057134323	20.312088626235894
135-139	20.4219700316707	29.577159509917067	29.632330447167902	20.368540011244328
140-144	20.43567910882269	29.635484159648772	29.614044844245598	20.314791887282944
145-149	20.51435218861137	29.278546023931746	29.816198563904116	20.390903223552765
150-151	20.869084879216185	14.559489638260976	38.25095975610777	26.320465726415073
>>END_MODULE
>>Per sequence GC content	warn
#GC Content	Count
0	21010.0
1	16733.0
2	14371.5
3	18725.5
4	23249.0
5	27076.0
6	32065.0
7	39469.0
8	48200.5
9	59821.5
10	76554.5
11	99040.5
12	128871.5
13	169666.0
14	228094.0
15	319168.0
16	465034.5
17	695194.0
18	1040244.0
19	1532758.0
20	2201014.5
21	3057071.0
22	4098499.0
23	5320175.5
24	6728161.0
25	8316850.5
26	1.0039728E7
27	1.18405385E7
28	1.3683626E7
29	1.55152305E7
30	1.7270003E7
31	1.8911658E7
32	2.04411245E7
33	2.18479785E7
34	2.31237255E7
35	2.42742685E7
36	2.5253404E7
37	2.59081735E7
38	2.6099584E7
39	2.58174855E7
40	2.50728685E7
41	2.3887371E7
42	2.23835525E7
43	2.0798677E7
44	1.93057755E7
45	1.8014797E7
46	1.69838845E7
47	1.61693355E7
48	1.54696665E7
49	1.4745471E7
50	1.3917479E7
51	1.29838205E7
52	1.20063665E7
53	1.1069163E7
54	1.02358945E7
55	9515793.0
56	8847222.0
57	8145206.5
58	7351890.0
59	6462915.0
60	5526916.0
61	4622941.0
62	3829236.5
63	3167525.5
64	2624725.0
65	2183170.5
66	1813464.5
67	1497417.0
68	1228606.0
69	1002041.5
70	812138.0
71	659393.5
72	540009.5
73	448249.5
74	378122.0
75	324717.5
76	283595.5
77	250610.5
78	222467.5
79	194406.0
80	167671.0
81	143168.5
82	123087.5
83	105068.5
84	86875.0
85	69308.5
86	53836.0
87	41381.5
88	30319.0
89	22068.5
90	16180.0
91	11828.0
92	8465.0
93	5847.0
94	3999.5
95	2840.5
96	1943.5
97	1154.5
98	832.5
99	579.0
100	285.5
>>END_MODULE
>>Per base N content	pass
#Base	N-Count
1	0.022368196196625407
2	0.02805387995482621
3	0.0011670186746265865
4	0.0011999606064454775
5	0.0011670186746265865
6	0.001543587108499406
7	0.001420874509401547
8	0.0011670186746265865
9	0.0011677992891246645
10-14	0.0020276929956274488
15-19	0.0011670186746265865
20-24	0.0012444244082559994
25-29	0.001917033084379914
30-34	0.0069185862964651745
35-39	8.132727740459536E-4
40-44	3.041452084103267E-5
45-49	2.2043131533477117E-4
50-54	0.0037945942827031496
55-59	3.669955508600361E-4
60-64	0.005097688471798451
65-69	3.5489770886771064E-4
70-74	0.003937750435840983
75-79	0.0037770294998990166
80-84	4.5928045961797536E-4
85-89	0.003044636101868498
90-94	4.803994138930992E-5
95-99	0.00431741362319436
100-104	2.1616897736782876E-5
105-109	0.003768685587518294
110-114	0.0035361998937637274
115-119	6.565539693554033E-4
120-124	8.805841219091483E-5
125-129	4.850420517817087E-5
130-134	5.132547838501341E-5
135-139	1.719532068440354E-6
140-144	1.529243946361887E-5
145-149	2.145298305340694E-5
150-151	0.0
>>END_MODULE
>>Sequence Length Distribution	warn
#Length	Count
35-39	33054.0
40-44	11402.0
45-49	12599.0
50-54	14059.0
55-59	15737.0
60-64	16941.0
65-69	18422.0
70-74	19610.0
75-79	20916.0
80-84	22469.0
85-89	24650.0
90-94	27102.0
95-99	30423.0
100-104	35392.0
105-109	42214.0
110-114	51617.0
115-119	64533.0
120-124	78054.0
125-129	97614.0
130-134	119158.0
135-139	147821.0
140-144	206380.0
145-149	6.1982441E7
150-152	5.77428419E8
>>END_MODULE
>>Sequence Duplication Levels	pass
#Total Deduplicated Percentage	84.33126788736666
#Duplication Level	Percentage of deduplicated	Percentage of total
1	89.39972903712979	75.39192498488184
2	8.695001664498294	14.665210292998095
3	1.240554542038812	3.138526122406936
4	0.2876502916801851	0.9703165522224338
5	0.1206395631306596	0.508684365809327
6	0.06301120821932665	0.31882890481504056
7	0.036235186708583694	0.21390314660892237
8	0.02178103497942998	0.14694578365715308
9	0.01330351558308211	0.10097121028325891
>10	0.09706302346853726	1.6066518602497957
>50	0.014153683524838947	0.8291504498881633
>100	0.010248764407240634	1.609061163643046
>500	4.588620734695355E-4	0.2615395840764946
>1k	1.6538223291813944E-4	0.2108460924419043
>5k	3.5478705096969853E-6	0.020288905528415547
>10k+	6.9245421127882E-7	0.007150580489111081
>>END_MODULE
>>Overrepresented sequences	pass
>>END_MODULE
>>Adapter Content	pass
#Position	Illumina Universal Adapter	Illumina Small RNA 3' Adapter	Illumina Small RNA 5' Adapter	Nextera Transposase Sequence	SOLID Small RNA Adapter
1	1.0928602973091779E-6	1.0928602973091779E-6	1.5612289961559684E-7	1.1084725872707376E-5	9.367373976935811E-7
2	1.5612289961559685E-6	2.6540892934651466E-6	3.122457992311937E-7	2.576027843657348E-5	1.4051060965403716E-6
3	2.4979663938495495E-6	3.903072490389921E-6	3.122457992311937E-7	3.497152951389369E-5	1.5612289961559685E-6
4	3.2785808919275338E-6	5.308178586930293E-6	4.6836869884679053E-7	4.46511492900607E-5	2.341843494233953E-6
5	4.215318289621115E-6	6.401038884239471E-6	4.6836869884679053E-7	5.854608735584882E-5	4.059195390005518E-6
6	5.776547285777083E-6	7.0255304827018584E-6	4.6836869884679053E-7	7.103591932509657E-5	4.527564088852309E-6
7	6.244915984623874E-6	8.118390780011036E-6	4.6836869884679053E-7	8.305738259549752E-5	4.995932787699099E-6
8	7.337776281933052E-6	9.211251077320214E-6	4.6836869884679053E-7	9.617170616320766E-5	5.152055687314696E-6
9	7.650022081164245E-6	9.835742675782602E-6	4.6836869884679053E-7	1.0788092363437743E-4	5.308178586930293E-6
10-11	8.508698029050028E-6	1.2489831969247748E-5	4.6836869884679053E-7	1.2497638114228527E-4	6.869407583086261E-6
12-13	9.9138041255904E-6	1.4987798363097297E-5	4.6836869884679053E-7	1.4738001723712342E-4	8.586759478857827E-6
14-15	1.2255647619824352E-5	1.8578625054256025E-5	4.6836869884679053E-7	1.6697344113888082E-4	1.0226049924821594E-5
16-17	1.569035141136748E-5	2.1154652897913374E-5	6.244915984623874E-7	1.8680104939006165E-4	1.0616357173860586E-5
18-19	1.889087085348722E-5	2.4199049440417512E-5	7.025530482701858E-7	2.092046854848998E-4	1.1162787322515176E-5
20-21	2.326231204272393E-5	2.6540892934651465E-5	7.806144980779843E-7	2.3012515403338975E-4	1.233370906963215E-5
22-23	2.9429166577540006E-5	2.9038859328501012E-5	8.586759478857826E-7	2.564318626186178E-4	1.3348507917133531E-5
24-25	3.97332779521694E-5	3.239550167023635E-5	9.367373976935811E-7	2.78054884215378E-4	1.389493806578812E-5
26-27	5.152055687314696E-5	3.590826691158727E-5	1.0147988475013795E-6	3.008488275592551E-4	1.49097369132895E-5
28-29	6.494712624008829E-5	3.8796540554475814E-5	1.0928602973091779E-6	3.2411113960197904E-4	1.6158720110214273E-5
30-31	7.821757270741402E-5	4.0670015349862984E-5	1.1709217471169764E-6	3.487785577412434E-4	1.7095457507907855E-5
32-33	9.523496876551407E-5	4.371441189236712E-5	1.4051060965403716E-6	3.7313373008127646E-4	1.787607200598584E-5
34-35	1.19277895306316E-4	4.636850118583227E-5	1.4051060965403716E-6	3.9842563981900317E-4	1.9046993753102818E-5
36-37	1.436330676463491E-4	4.894452902948961E-5	1.7173518957715654E-6	4.2363948810692203E-4	2.0061792600604195E-5
38-39	1.6658313388984185E-4	5.042769657583778E-5	1.7173518957715654E-6	4.493217050936878E-4	2.1154652897913374E-5
40-41	1.9031381463141257E-4	5.44868919658433E-5	1.8734747953871621E-6	4.7383300033333644E-4	2.1935267395991355E-5
42-43	2.179475678633732E-4	5.8155780106809826E-5	1.8734747953871621E-6	4.981881726733695E-4	2.2950066243492736E-5
44-45	2.47064488641682E-4	6.018537780181259E-5	1.8734747953871621E-6	5.202015015191687E-4	2.46674181392643E-5
46-47	2.786793758138403E-4	6.338589724393231E-5	1.8734747953871621E-6	5.435418750117005E-4	2.630670858522807E-5
48-49	3.120896763315781E-4	6.674253958566766E-5	2.029597695002759E-6	5.671944943034634E-4	2.724344598292165E-5
50-51	3.4963723368912916E-4	7.033336627682639E-5	2.1857205946183557E-6	5.913935437438808E-4	2.7945999031191836E-5
52-53	3.9061949483822333E-4	7.322163991971492E-5	2.1857205946183557E-6	6.146558557866048E-4	2.8492429179846424E-5
54-55	4.311333872884707E-4	7.556348341394888E-5	2.1857205946183557E-6	6.404161342231784E-4	2.9116920778308814E-5
56-57	4.7352075453410523E-4	7.837369560702962E-5	2.341843494233953E-6	6.642248764145567E-4	3.0053658176002393E-5
58-59	5.136443397353136E-4	8.149615359934156E-5	2.4979663938495495E-6	6.855356522120858E-4	3.114651847331157E-5
60-61	5.571245672782573E-4	8.407218144299891E-5	2.4979663938495495E-6	7.081734726563473E-4	3.294193181889094E-5
62-63	6.044298058617832E-4	8.625790203761726E-5	2.4979663938495495E-6	7.283133267067593E-4	3.403479211620011E-5
64-65	6.529840276422339E-4	9.000485162839159E-5	2.4979663938495495E-6	7.51263392950252E-4	3.528377531312489E-5
66-67	7.02865294069417E-4	9.297118672108793E-5	2.5760278436573483E-6	7.716374313500874E-4	3.637663561043407E-5
68-69	7.509511471510209E-4	9.593752181378425E-5	2.732150743272945E-6	7.912308552518448E-4	3.723531155831985E-5
70-71	8.016910895260899E-4	1.0030896300302098E-4	2.8882736428885416E-6	8.105120333543711E-4	3.793786460659003E-5
72-73	8.538361379976992E-4	1.0304111374629392E-4	2.96633509269634E-6	8.350233285940197E-4	3.9421032152938204E-5
74-75	9.066837395175787E-4	1.0631969463822147E-4	2.96633509269634E-6	8.55475428443663E-4	4.059195390005518E-5
76-77	9.632002291784247E-4	1.0991052132938017E-4	2.96633509269634E-6	8.792841706350414E-4	4.176287564717216E-5
78-79	0.0010217463165342736	1.1326716367111552E-4	3.122457992311937E-6	9.039515887743057E-4	4.301185884409693E-5
80-81	0.0010820878172357017	1.1607737586419626E-4	3.2005194421197354E-6	9.284628840139544E-4	4.4026657691598314E-5
82-83	0.001140009412993088	1.1880952660746921E-4	3.434703791543131E-6	9.506323357593692E-4	4.496339508929189E-5
84-85	0.0012051907235826	1.2138555445112656E-4	3.434703791543131E-6	9.687425921147785E-4	4.550982523794649E-5
86-87	0.0012670153918303763	1.241177051943995E-4	3.5127652413509292E-6	9.919268427076946E-4	4.613431683640887E-5
88-89	0.0013300109818252695	1.2770853188555823E-4	3.7469495907743242E-6	0.0010171406909956135	4.714911568391025E-5
90-91	0.0013989392420055554	1.3075292842806236E-4	3.825011040582123E-6	0.0010421984163839168	4.847616033064282E-5
92-93	0.0014612322789521789	1.3481212381806788E-4	3.98113394019772E-6	0.0010622602089845209	5.011545077660659E-5
94-95	0.001525789097943228	1.3887131920807338E-4	4.059195390005518E-6	0.0010848199679789746	5.0739942375068974E-5
96-97	0.0015937025592760127	1.4043254820422937E-4	4.215318289621115E-6	0.0011060526823266957	5.245729427084054E-5
98-99	0.0016576348866685995	1.4261826879884772E-4	4.371441189236711E-6	0.001126973150875186	5.347209311834192E-5
100-101	0.0017241432419048438	1.4519429664250507E-4	4.44950263904451E-6	0.0011512502617654111	5.44088305160355E-5
102-103	0.0017954133455793638	1.4691164853827663E-4	4.683686988467906E-6	0.0011736538978602492	5.4799137765074496E-5
104-105	0.0018652002817075356	1.4847287753443262E-4	4.761748438275704E-6	0.0011955891652562407	5.5970059512191475E-5
106-107	0.001928898424750699	1.5089278247847434E-4	4.9178713378913E-6	0.0012190076001985803	5.6750674010269455E-5
108-109	0.0019956409643363668	1.5307850307309272E-4	5.2301171371224944E-6	0.0012418015435424574	5.7531288508347436E-5
110-111	0.0020643350401672294	1.5581065381636567E-4	5.854608735584882E-6	0.0012651419170349892	5.8546087355848824E-5
112-113	0.0021380250487857914	1.580744358607918E-4	5.93267018539268E-6	0.0012893409664754066	5.901445605469561E-5
114-115	0.002214681392497049	1.5994791065617896E-4	6.166854534816075E-6	0.0013115104182208214	5.979507055277359E-5
116-117	0.0022928209037546554	1.625239384998363E-4	6.479100334047269E-6	0.0013331334398175815	6.120017664931396E-5
118-119	0.002370101739064376	1.6424129039560787E-4	6.5571617838550675E-6	0.001355771260261843	6.205885259719974E-5
120-121	0.0024437917476829375	1.6658313388984185E-4	7.0255304827018584E-6	0.0013766136673605254	6.36200815933557E-5
122-123	0.0025180281864501538	1.69237223183307E-4	7.4158377317408506E-6	0.0013980805660576698	6.45568189910493E-5
124-125	0.0026034274125398852	1.7267192697485012E-4	7.884206430587641E-6	0.0014232163528957809	6.611804798720527E-5
126-127	0.002675634253612099	1.7540407771812305E-4	8.118390780011036E-6	0.0014494450000312013	6.674253958566766E-5
128-129	0.0027248129669910116	1.787607200598584E-4	8.118390780011036E-6	0.0014749710941183514	6.767927698336123E-5
130-131	0.0027640778762443342	1.8180511660236253E-4	8.274513679626634E-6	0.0014984675905104984	6.830376858182362E-5
132-133	0.002807714226686894	1.8500563604448227E-4	8.35257512943443E-6	0.0015218079640030302	6.9318567429325E-5
134-135	0.0028569710015156147	1.8836227838621758E-4	8.742882378473423E-6	0.0015478024267890271	7.033336627682638E-5
136-137	0.002875237380770639	1.9140667492872172E-4	9.211251077320214E-6	0.0015715331075305979	7.095785787528877E-5
138-139	0.0028782817773131434	1.9523168596930385E-4	9.211251077320214E-6	0.0015915949001312022	7.220684107221354E-5
>>END_MODULE
>>Kmer Content	fail
#Sequence	Count	PValue	Obs/Exp Max	Max Obs/Exp Position
ACCGCGC	171115	0.0	24.762774	1
CCGCGCC	241505	0.0	17.37713	2
CGCGCCC	195025	0.0	15.421718	3
ACCGTGC	190905	0.0	11.977764	1
CGCGCCT	104490	0.0	11.78305	3
ACCGCAC	164245	0.0	11.089196	1
CGCGATC	124770	0.0	10.973273	3
GCGCGAT	125305	0.0	10.260763	2
GCGCCCG	243795	0.0	9.739053	4
CGCCCGG	297795	0.0	9.549547	5
ACTGCGC	170905	0.0	9.549504	1
CTCACGC	553395	0.0	9.530892	3
GCTCACG	567440	0.0	9.3408375	2
CCGTGCC	224705	0.0	9.212796	2
GGCGCGA	141205	0.0	9.204505	1
AACGCGA	25670	0.0	8.471495	1
CCGCACC	178460	0.0	8.159765	2
ACGCGAG	29040	0.0	8.058912	2
ACGCGAT	17665	0.0	8.01439	2
CCTTCGT	243325	0.0	7.9988995	1
>>END_MODULE
