##FastQC	0.11.5
>>Basic Statistics	pass
#Measure	Value
Filename	8214_S5_R2_001.fastq.gz
File type	Conventional base calls
Encoding	Sanger / Illumina 1.9
Total Sequences	640521027
Sequences flagged as poor quality	0
Sequence length	35-151
%GC	40
>>END_MODULE
>>Per base sequence quality	pass
#Base	Mean	Median	Lower Quartile	Upper Quartile	10th Percentile	90th Percentile
1	35.845525225825256	37.0	37.0	37.0	37.0	37.0
2	35.87101143051155	37.0	37.0	37.0	37.0	37.0
3	35.920769711124564	37.0	37.0	37.0	37.0	37.0
4	35.90611336636104	37.0	37.0	37.0	37.0	37.0
5	35.93692534468506	37.0	37.0	37.0	37.0	37.0
6	35.932494428477206	37.0	37.0	37.0	37.0	37.0
7	35.919117551467984	37.0	37.0	37.0	37.0	37.0
8	35.9405727487538	37.0	37.0	37.0	37.0	37.0
9	35.92529800899105	37.0	37.0	37.0	37.0	37.0
10-14	35.91593496180415	37.0	37.0	37.0	37.0	37.0
15-19	35.89676566636742	37.0	37.0	37.0	37.0	37.0
20-24	35.84657971704651	37.0	37.0	37.0	37.0	37.0
25-29	35.74974929964321	37.0	37.0	37.0	37.0	37.0
30-34	35.7297415311863	37.0	37.0	37.0	37.0	37.0
35-39	35.683235318853576	37.0	37.0	37.0	37.0	37.0
40-44	35.61886945707033	37.0	37.0	37.0	37.0	37.0
45-49	35.550059096838275	37.0	37.0	37.0	37.0	37.0
50-54	35.490990825118885	37.0	37.0	37.0	37.0	37.0
55-59	35.44130225254658	37.0	37.0	37.0	37.0	37.0
60-64	35.38540003667932	37.0	37.0	37.0	37.0	37.0
65-69	35.341922176515915	37.0	37.0	37.0	37.0	37.0
70-74	35.25773610803435	37.0	37.0	37.0	37.0	37.0
75-79	35.16590863378042	37.0	37.0	37.0	29.8	37.0
80-84	35.14091038637934	37.0	37.0	37.0	25.0	37.0
85-89	35.10970708039103	37.0	37.0	37.0	25.0	37.0
90-94	35.08190919047638	37.0	37.0	37.0	25.0	37.0
95-99	34.99233577786623	37.0	37.0	37.0	25.0	37.0
100-104	34.894146717480695	37.0	37.0	37.0	25.0	37.0
105-109	34.84364952014636	37.0	37.0	37.0	25.0	37.0
110-114	34.83092892182481	37.0	37.0	37.0	25.0	37.0
115-119	34.742223689527144	37.0	37.0	37.0	25.0	37.0
120-124	34.57713022675982	37.0	37.0	37.0	25.0	37.0
125-129	34.51119603251273	37.0	37.0	37.0	25.0	37.0
130-134	34.42572950745828	37.0	37.0	37.0	25.0	37.0
135-139	34.402721329039444	37.0	37.0	37.0	25.0	37.0
140-144	34.31031101363047	37.0	37.0	37.0	25.0	37.0
145-149	34.1129937085898	37.0	37.0	37.0	25.0	37.0
150-151	33.76978374123197	37.0	37.0	37.0	25.0	37.0
>>END_MODULE
>>Per sequence quality scores	pass
#Quality	Count
2	3424.0
3	34.0
4	223.0
5	381.0
6	411.0
7	458.0
8	489.0
9	552.0
10	475.0
11	1430.0
12	61150.0
13	324615.0
14	527662.0
15	553236.0
16	514867.0
17	496695.0
18	505052.0
19	569880.0
20	723069.0
21	1026064.0
22	1461626.0
23	2004646.0
24	2503688.0
25	3072249.0
26	3704367.0
27	4660787.0
28	5843860.0
29	7574204.0
30	9776818.0
31	1.3155296E7
32	1.7985606E7
33	2.7072024E7
34	4.673916E7
35	1.18115642E8
36	3.55904654E8
37	1.5636233E7
>>END_MODULE
>>Per base sequence content	fail
#Base	G	A	T	C
1	18.406157543524216	32.75235148067275	27.235038848646663	21.606452127156373
2	19.85375445667635	30.704663971746477	27.59763530649164	21.843946265085535
3	17.996796253489943	29.492680975419646	32.17948696091395	20.331035810176466
4	19.09512069660481	28.464439492832255	33.42130035445272	19.01913945611022
5	19.014734244548155	28.948729298232884	32.09391280382969	19.942623653389273
6	20.736479712402524	31.85743826116585	28.062595922446704	19.343486103984926
7	20.159749748848558	29.9760493484824	29.715268700174807	20.148932202494233
8	20.154024315695107	30.397013214124986	30.055799351077578	19.393163119102326
9	20.066704358164117	29.476228521036052	30.563107306084525	19.893959814715306
10-14	20.199833312019063	30.19317654106728	29.92684137939931	19.680148767514346
15-19	20.089710333404874	30.19986032578653	30.0840042592994	19.62642508150919
20-24	20.290549026116615	30.075059492931295	29.869595292816246	19.764796188135847
25-29	20.3489942540411	29.921496244043567	29.883669129468615	19.845840372446716
30-34	20.55178288537957	29.914764289889806	29.55326385163662	19.980188973094005
35-39	20.56123582099109	29.918123405343906	29.515586580653935	20.00505419301107
40-44	20.567018237947867	30.012953881154736	29.43180323147124	19.988224649426158
45-49	20.474419230413577	29.978889444879325	29.4579813895182	20.0887099351889
50-54	20.506738449338474	29.978151199577084	29.38807222550599	20.12703812557845
55-59	20.513906991180264	29.96086950168933	29.396331403413395	20.128892103717014
60-64	20.583301071073706	29.954731866001794	29.356958683748914	20.105008379175587
65-69	20.50410356380525	29.96365695087254	29.40934628851585	20.12289319680636
70-74	20.60506695655644	29.96102987129766	29.35236705772998	20.081536114415925
75-79	20.624318456867087	29.918536805049946	29.331924752843907	20.125219985239067
80-84	20.60646342843853	29.98033194971247	29.277003378214854	20.136201243634144
85-89	20.618413332271228	29.939309943873983	29.249251381504333	20.193025342350456
90-94	20.528113694188242	29.92862332412057	29.26081193767151	20.28245104401968
95-99	20.465891660735753	29.86753860579121	29.283184577882764	20.383385155590272
100-104	20.581669742452387	29.928610976913806	29.220699629194407	20.2690196514394
105-109	20.504527670538153	30.022062804892347	29.26293018063277	20.210479343936726
110-114	20.569832934556125	30.039891124898766	29.26225999558678	20.12801594495833
115-119	20.546068313340342	29.976467757026853	29.30730655987589	20.170157369756915
120-124	20.584114880867734	29.991196782595246	29.23684874155009	20.187839594986922
125-129	20.56511584545216	29.93387706858447	29.234278100976752	20.26672898498662
130-134	20.638292055544348	29.946948511314325	29.212314958518814	20.202444474622506
135-139	20.57094636273145	29.920072153089116	29.253169067032974	20.255812417146455
140-144	20.57966339242296	29.97930960604161	29.239452563271378	20.20157443826405
145-149	20.670559765616673	29.613498990922455	29.426752827272374	20.2891884161885
150-151	21.18492746410327	14.810491581231682	37.76825955370207	26.236321400962975
>>END_MODULE
>>Per sequence GC content	warn
#GC Content	Count
0	34728.0
1	36421.5
2	47400.5
3	66759.0
4	85934.5
5	103204.5
6	120206.0
7	137987.0
8	155204.5
9	174140.0
10	196069.5
11	222082.5
12	255575.5
13	298618.0
14	358265.5
15	450528.0
16	597805.5
17	827615.0
18	1171798.5
19	1664493.0
20	2334153.5
21	3191209.5
22	4229711.0
23	5449063.0
24	6854206.0
25	8433276.0
26	1.0140788E7
27	1.1932163E7
28	1.37672635E7
29	1.55758965E7
30	1.72975005E7
31	1.8913546E7
32	2.04177135E7
33	2.1785196E7
34	2.30173095E7
35	2.41210445E7
36	2.50374985E7
37	2.56278075E7
38	2.57814875E7
39	2.5481332E7
40	2.47333285E7
41	2.35661675E7
42	2.20936015E7
43	2.0531624E7
44	1.905722E7
45	1.7783347E7
46	1.6754856E7
47	1.59442955E7
48	1.52383425E7
49	1.4508784E7
50	1.36907835E7
51	1.2763253E7
52	1.1795289E7
53	1.08704405E7
54	1.00431495E7
55	9325010.0
56	8656251.0
57	7961113.0
58	7187631.5
59	6321896.0
60	5415673.5
61	4544299.0
62	3774979.0
63	3132400.0
64	2606193.0
65	2175821.0
66	1816367.0
67	1510269.0
68	1248587.0
69	1029106.5
70	844952.0
71	694928.5
72	578128.0
73	489248.0
74	421920.5
75	369201.5
76	326213.5
77	292748.5
78	264877.0
79	236505.0
80	211029.0
81	187555.0
82	167653.0
83	150407.0
84	133425.5
85	118002.5
86	104988.0
87	94733.5
88	85731.0
89	79095.5
90	75006.0
91	73518.5
92	73566.0
93	75251.0
94	79401.0
95	86204.0
96	96678.5
97	113290.5
98	143369.5
99	212458.0
100	737014.5
>>END_MODULE
>>Per base N content	pass
#Base	N-Count
1	0.012619101730129461
2	0.017556332307573096
3	5.362821601795751E-4
4	5.798404491723267E-4
5	5.345648082838037E-4
6	5.600128409211459E-4
7	9.51100704458216E-4
8	0.0011685799036227425
9	0.0013668559861345505
10-14	0.0014955324799977253
15-19	0.0015991356361826352
20-24	0.001504868629394738
25-29	0.002073031085675818
30-34	0.0038402174110046816
35-39	0.003100821964346265
40-44	0.003006496770944839
45-49	0.0025618547686630092
50-54	0.0021114852772082973
55-59	0.0021947616868560776
60-64	0.0021795828803955163
65-69	0.002065128151315689
70-74	0.002082498095857185
75-79	0.0011563147813601186
80-84	0.001365311717071986
85-89	0.0014722856373468847
90-94	0.0013371931520338625
95-99	0.0012427965690474197
100-104	9.549934328144358E-5
105-109	6.595721222616265E-4
110-114	8.179674019650487E-4
115-119	6.758703512245584E-4
120-124	5.784459753181246E-4
125-129	3.7912006914554973E-5
130-134	3.1869696867788014E-4
135-139	5.278122146682295E-4
140-144	4.568746843563741E-4
145-149	6.633333485921532E-4
150-151	5.092883227068109E-5
>>END_MODULE
>>Sequence Length Distribution	warn
#Length	Count
35-39	30028.0
40-44	12181.0
45-49	13737.0
50-54	15232.0
55-59	17184.0
60-64	18759.0
65-69	20405.0
70-74	22115.0
75-79	23931.0
80-84	25907.0
85-89	28031.0
90-94	30691.0
95-99	33944.0
100-104	38707.0
105-109	45557.0
110-114	55109.0
115-119	67543.0
120-124	80409.0
125-129	101242.0
130-134	122979.0
135-139	153711.0
140-144	214392.0
145-149	6.1730415E7
150-152	5.77618818E8
>>END_MODULE
>>Sequence Duplication Levels	pass
#Total Deduplicated Percentage	84.54650829531778
#Duplication Level	Percentage of deduplicated	Percentage of total
1	89.92977413109956	76.03248394571062
2	8.249818378755366	13.949866759886111
3	1.1893265232542405	3.0166021429246825
4	0.28351921282675685	0.9588223791655746
5	0.1017574952349305	0.4301620457495404
6	0.051236374206230555	0.2599113922109446
7	0.031972835848670035	0.18922341419130906
8	0.01973226196469535	0.13346350799067988
9	0.018719405506299518	0.14243943356295924
>10	0.100497143362684	1.6456839249470223
>50	0.012729146396728671	0.7560902601554937
>100	0.010271943028655351	1.5958873465279015
>500	4.7102194622458107E-4	0.2678974654480395
>1k	1.688622302549805E-4	0.22992594155134857
>5k	3.551063280522511E-6	0.020118787422537525
>10k+	1.7132753088454346E-6	0.37142125255517977
>>END_MODULE
>>Overrepresented sequences	warn
#Sequence	Count	Percentage	Possible Source
GGGGGGGGGGGGGGGGGGGGGGGGGGGGGGGGGGGGGGGGGGGGGGGGGG	2101199	0.32804528054939247	No Hit
>>END_MODULE
>>Adapter Content	pass
#Position	Illumina Universal Adapter	Illumina Small RNA 3' Adapter	Illumina Small RNA 5' Adapter	Nextera Transposase Sequence	SOLID Small RNA Adapter
1	2.029597695002759E-6	7.806144980779843E-7	0.0	1.233370906963215E-5	6.244915984623874E-7
2	3.434703791543131E-6	2.1857205946183557E-6	0.0	2.825824483042303E-5	1.2489831969247747E-6
3	4.059195390005518E-6	2.96633509269634E-6	0.0	3.871847910466802E-5	1.2489831969247747E-6
4	4.683686988467906E-6	4.839809888083502E-6	0.0	5.058381947545338E-5	1.7173518957715654E-6
5	5.308178586930293E-6	5.93267018539268E-6	0.0	6.088793085008277E-5	2.1857205946183557E-6
6	6.244915984623874E-6	6.869407583086262E-6	0.0	7.525123761471768E-5	2.8102121930807433E-6
7	7.4938991815486485E-6	7.650022081164245E-6	0.0	8.696045508588745E-5	2.96633509269634E-6
8	8.274513679626634E-6	8.118390780011036E-6	0.0	9.960640995475079E-5	3.434703791543131E-6
9	9.991865575398198E-6	8.89900527808902E-6	0.0	1.1162787322515175E-4	4.059195390005518E-6
10-11	1.1553094571554167E-5	1.0304111374629393E-5	1.5612289961559684E-7	1.2966006813075318E-4	4.683686988467906E-6
12-13	1.4051060965403717E-5	1.4051060965403717E-5	6.244915984623874E-7	1.540152404707863E-4	5.776547285777083E-6
14-15	1.779801055617804E-5	1.631484300982987E-5	6.244915984623874E-7	1.8016582615639875E-4	6.635223233662866E-6
16-17	2.2325574645030352E-5	1.8500563604448226E-5	7.025530482701858E-7	2.0522355154470206E-4	7.650022081164245E-6
18-19	3.0053658176002393E-5	2.1232714347721173E-5	8.586759478857826E-7	2.2559758994453746E-4	9.211251077320214E-6
20-21	3.96552165023616E-5	2.380874219137852E-5	1.0928602973091779E-6	2.469083657420664E-4	9.9138041255904E-6
22-23	5.643842821103826E-5	2.6775077284074858E-5	1.0928602973091779E-6	2.6821914153959535E-4	1.092860297309178E-5
24-25	8.39160585433833E-5	2.9585289477155603E-5	1.2489831969247747E-6	2.907008390842413E-4	1.1709217471169764E-5
26-27	1.2044881705343296E-4	3.255162456985194E-5	1.5612289961559685E-6	3.115432461829235E-4	1.2880139218286739E-5
28-29	1.6580251939176386E-4	3.45031608150469E-5	1.7173518957715654E-6	3.326198376310291E-4	1.3270446467325733E-5
30-31	2.2216288615299433E-4	3.653275851004966E-5	2.341843494233953E-6	3.56272456922792E-4	1.3660753716364723E-5
32-33	2.824263254046147E-4	3.910878635370701E-5	2.341843494233953E-6	3.800031376643627E-4	1.4597491114058305E-5
34-35	3.478418203435498E-4	4.137256839813316E-5	2.341843494233953E-6	4.0381187985574123E-4	1.537810561213629E-5
36-37	4.203609072149945E-4	4.46511492900607E-5	2.419904944041751E-6	4.2488847130384686E-4	1.5534228511751887E-5
38-39	4.975636810749071E-4	4.7461361483141446E-5	2.5760278436573483E-6	4.475262917481084E-4	1.6939334608292258E-5
40-41	5.892078231492625E-4	5.0739942375068974E-5	2.8882736428885416E-6	4.7328657018468187E-4	1.826637925502483E-5
42-43	6.863943281599715E-4	5.46430148654589E-5	3.122457992311937E-6	4.946754074320187E-4	1.9515362451949603E-5
44-45	7.809267438772154E-4	5.7375165608731846E-5	3.122457992311937E-6	5.164545519283944E-4	2.068628419906658E-5
46-47	8.891979747606319E-4	6.0107316352004785E-5	3.2785808919275338E-6	5.422928918147757E-4	2.1701083046567962E-5
48-49	0.001001840646833285	6.174660679796855E-5	3.2785808919275338E-6	5.651648966084606E-4	2.263782044426154E-5
50-51	0.0011255680447786456	6.385426594277911E-5	3.3566423417353325E-6	5.84758320510218E-4	2.334037349253173E-5
52-53	0.00125163728621824	6.635223233662866E-5	3.5127652413509292E-6	6.075522638540952E-4	2.4199049440417512E-5
54-55	0.0013767697902601407	6.963081322855619E-5	3.5908266911587276E-6	6.308145758968191E-4	2.4901602488687698E-5
56-57	0.0015123625285762866	7.275327122086814E-5	3.668888140966526E-6	6.546233180881976E-4	2.576027843657348E-5
58-59	0.0016452231161491596	7.548542196414108E-5	4.059195390005518E-6	6.775733843316903E-4	2.6540892934651465E-5
60-61	0.0017908077200407037	7.774920400856723E-5	4.215318289621115E-6	6.998989589767207E-4	2.778987613157624E-5
62-63	0.001937094876980518	8.032523185222458E-5	4.215318289621115E-6	7.198046286777093E-4	2.880467497907762E-5
64-65	0.0020871289835111065	8.329156694492093E-5	4.605625538660107E-6	7.420521418729318E-4	2.9507228027347805E-5
66-67	0.0022487161846132496	8.610177913800167E-5	5.152055687314696E-6	7.629726104214219E-4	3.106845702350377E-5
68-69	0.002398984475493261	8.89900527808902E-5	5.308178586930292E-6	7.835808331706805E-4	3.231744022042855E-5
70-71	0.0025618206597923287	9.273700237166453E-5	5.46430148654589E-6	8.034084414218613E-4	3.317611616831433E-5
72-73	0.002738551782157184	9.515690731570629E-5	5.46430148654589E-6	8.231579882232344E-4	3.356642341735332E-5
74-75	0.0029010757206570205	9.90599798060962E-5	5.542362936353689E-6	8.450932556192258E-4	3.45812222648547E-5
76-77	0.0030644583351047425	1.0155794619994575E-4	5.776547285777083E-6	8.678091375132951E-4	3.528377531312489E-5
78-79	0.003228621564050543	1.0538295724052787E-4	5.854608735584882E-6	8.911495110058268E-4	3.6142451261010676E-5
80-81	0.00341097311080156	1.0850541523283982E-4	5.93267018539268E-6	9.111332421566233E-4	3.676694285947305E-5
82-83	0.0035937930262514243	1.1170593467495956E-4	6.010731635200479E-6	9.329904481028067E-4	3.778174170697444E-5
84-85	0.003780828259990909	1.1467226976765589E-4	6.0887930850082775E-6	9.553160227478371E-4	3.8796540554475814E-5
86-87	0.003968175739529625	1.1795085065958342E-4	6.0887930850082775E-6	9.758461840472881E-4	4.098226114909417E-5
88-89	0.004160206906056809	1.2185392314997333E-4	6.244915984623874E-6	9.956737922984689E-4	4.2075121446403355E-5
90-91	0.004360668709163236	1.2622536433921005E-4	6.401038884239471E-6	0.001015813646348881	4.262155159505794E-5
92-93	0.004570029517547751	1.3044068262883118E-4	6.401038884239471E-6	0.0010358754389494852	4.3246043193520327E-5
94-95	0.0047652612035170554	1.3270446467325732E-4	6.5571617838550675E-6	0.0010542979411041257	4.527564088852308E-5
96-97	0.00495940002918905	1.3520243106710688E-4	6.635223233662866E-6	0.001073891365005883	4.761748438275704E-5
98-99	0.00514378117363507	1.3777845891076423E-4	6.713284683470664E-6	0.0010976220457474535	4.9412897728336405E-5
100-101	0.005337919999307064	1.4058867110384494E-4	6.713284683470664E-6	0.0011196353745932528	5.050575802564558E-5
102-103	0.005537835372264837	1.4300857604788672E-4	6.94746903289406E-6	0.0011428976866359767	5.167667977276256E-5
104-105	0.005748913532545122	1.4488205084327386E-4	7.0255304827018584E-6	0.0011642084624335057	5.300372441949513E-5
106-107	0.00596920294390273	1.4667746418885324E-4	7.181653382317455E-6	0.001182318718788915	5.4174646166612106E-5
108-109	0.0061818423331791725	1.486290004340482E-4	7.4158377317408506E-6	0.0012044881705343298	5.5735875162768075E-5
110-111	0.006399009286544468	1.5229788857501475E-4	7.4938991815486485E-6	0.0012277504825770535	5.714098125930845E-5
112-113	0.006613756334965722	1.5448360916963308E-4	7.571960631356446E-6	0.001250466364471123	5.8936394604887814E-5
114-115	0.006813827830823109	1.5682545266386703E-4	7.728083530972044E-6	0.001275289905510003	6.112211519950617E-5
116-117	0.007025530482701858	1.58776988909062E-4	7.806144980779843E-6	0.0012981619103036878	6.260528274585435E-5
118-119	0.007234032615138488	1.6127495530291155E-4	8.118390780011036E-6	0.0013245466803387235	6.377620449297131E-5
120-121	0.007445110775418775	1.6502190489368587E-4	8.274513679626634E-6	0.0013469503164335618	6.47129418906649E-5
122-123	0.007636361327447881	1.683004857856134E-4	8.43063657924223E-6	0.001372866717769751	6.580580218797407E-5
124-125	0.007888577871776877	1.7173518957715653E-4	8.43063657924223E-6	0.0013977683202584384	6.721090828451444E-5
126-127	0.008093254993172925	1.7509183191889187E-4	8.586759478857827E-6	0.0014206403250521236	6.791346133278463E-5
128-129	0.008233453357027732	1.783704128108194E-4	8.664820928665626E-6	0.001446010296239658	6.830376858182362E-5
130-131	0.008352184822185393	1.8297603834947952E-4	8.742882378473423E-6	0.0014724731277245017	6.88501987304782E-5
132-133	0.008455694304630532	1.8539594329352127E-4	8.820943828281222E-6	0.0014985456519603065	6.94746903289406E-5
134-135	0.008604791673763428	1.876597253379474E-4	8.89900527808902E-6	0.0015216518411034147	7.056755062624977E-5
136-137	0.008677388822084681	1.9148473637852954E-4	8.977066727896819E-6	0.0015472559966403726	7.150428802394336E-5
138-139	0.0086905812071022	1.942168871218025E-4	9.055128177704618E-6	0.0015702060628838654	7.251908687144475E-5
>>END_MODULE
>>Kmer Content	fail
#Sequence	Count	PValue	Obs/Exp Max	Max Obs/Exp Position
ACCGCGC	169480	0.0	22.921213	1
CCGCGCC	249240	0.0	15.384307	2
CGCGCCC	204070	0.0	13.400877	3
CGCGATC	119235	0.0	10.865151	3
CGCGCCT	103765	0.0	10.828687	3
ACCGTGC	185755	0.0	10.639245	1
ACCGCAC	164130	0.0	10.241031	1
GCGCGAT	120870	0.0	10.092391	2
AGGGGGG	388730	0.0	10.039733	1
CTCACGC	542835	0.0	9.469068	3
GCTCACG	556410	0.0	9.269302	2
ACTGCGC	167005	0.0	9.208342	1
GCGCCCG	251265	0.0	8.82317	4
GGCGCGA	142245	0.0	8.668257	1
CGCCCGG	308925	0.0	8.462011	5
AACGCGA	26630	0.0	8.273017	1
CCGTGCC	221690	0.0	8.187085	2
CCGCACC	183260	0.0	7.464405	2
CCTTCGT	221725	0.0	7.447265	1
TCACGCC	706295	0.0	7.413615	4
>>END_MODULE
